# t (s)	mx ()	my ()	mz ()
1.87975835190452e-09	-5.4202974e-07	-6.0210004e-07	0.97490555
1.8904983079794237e-09	1.6532358e-05	4.7930516e-06	0.9749056
1.9001183630172984e-09	-3.821129e-06	4.9844384e-06	0.97490543
1.909926558504085e-09	1.173449e-05	8.289862e-06	0.97490543
1.920952644954249e-09	-9.305295e-06	6.435672e-06	0.9749053
1.9307490497413343e-09	5.3478434e-06	7.991912e-06	0.97490543
1.940544626149818e-09	-1.4357662e-05	4.0902523e-06	0.9749054
1.9503391918851707e-09	1.9457511e-06	4.029047e-06	0.9749054
1.960134062931947e-09	-1.6315098e-05	-4.1496241e-07	0.9749054
1.969929195580937e-09	1.7661368e-06	-9.139185e-07	0.97490543
1.980946015472168e-09	-1.4167206e-05	-5.2162213e-06	0.97490543
1.9907223868909064e-09	4.3842447e-06	-4.28746e-06	0.9749055
2.0004977952332944e-09	-1.0706004e-05	-7.128343e-06	0.9749055
2.0102737892680974e-09	8.500589e-06	-5.033915e-06	0.9749055
2.020050617230709e-09	-6.9628586e-06	-6.2244944e-06	0.97490543
2.029827565502413e-09	1.16336305e-05	-3.2427197e-06	0.97490543
2.04082639567319e-09	-4.252317e-06	-3.4265686e-06	0.97490543
2.050602898701266e-09	1.2450706e-05	4.3099863e-07	0.9749054
2.0603790276025873e-09	-4.6352507e-06	-3.905734e-08	0.9749054
2.07015518220806e-09	1.1279495e-05	3.171328e-06	0.97490543
2.079930077539086e-09	-6.7174697e-06	2.2810418e-06	0.9749054
2.090926565489991e-09	8.043513e-06	4.6610294e-06	0.9749054
2.1007012478066917e-09	-9.321433e-06	2.3492612e-06	0.9749055
2.110475784264255e-09	5.6873832e-06	3.818888e-06	0.97490543
2.1202505306250206e-09	-1.15282455e-05	9.842624e-07	0.9749054
2.130024542366207e-09	4.33228e-06	1.6582198e-06	0.97490543
2.1397990997849547e-09	-1.2090764e-05	-1.1620577e-06	0.97490543
2.1507959835985586e-09	4.2222673e-06	-5.426118e-07	0.9749054
2.160570297027117e-09	-1.0833712e-05	-3.4502227e-06	0.9749054
2.170345046778381e-09	5.9249433e-06	-2.0866282e-06	0.97490543
2.180119691388371e-09	-9.042793e-06	-4.109461e-06	0.9749054
2.189894703390703e-09	7.870709e-06	-2.3243483e-06	0.97490543
2.200891262413985e-09	-6.732618e-06	-3.674766e-06	0.97490543
2.2106665584617937e-09	9.096038e-06	-9.523137e-07	0.97490543
2.220441583732321e-09	-6.027316e-06	-2.0761508e-06	0.9749054
2.230216560697088e-09	9.527372e-06	5.674083e-07	0.97490543
2.2399916953097444e-09	-6.3044718e-06	-3.5588164e-07	0.9749054
2.2497674591779657e-09	8.737261e-06	1.7944258e-06	0.97490543
2.260764160815974e-09	-7.1777467e-06	4.8126094e-07	0.97490543
2.2705400113765627e-09	7.106879e-06	2.5273184e-06	0.97490543
2.2803145229047537e-09	-8.701594e-06	5.776528e-07	0.9749054
2.2900894146185852e-09	5.9261074e-06	1.937151e-06	0.9749055
2.2998646140229962e-09	-9.667056e-06	-1.253211e-07	0.97490543
2.310862252496249e-09	4.9220835e-06	9.629875e-07	0.97490543
2.3206375636910005e-09	-9.603595e-06	-1.5615369e-06	0.97490543
2.3304118594890894e-09	5.343347e-06	-2.5972258e-07	0.9749054
2.3401874930956525e-09	-9.111667e-06	-2.375491e-06	0.9749054
2.3499625173925316e-09	6.205708e-06	-1.0316726e-06	0.9749055
2.3609596810570313e-09	-7.651062e-06	-2.849847e-06	0.97490543
2.3707347934419843e-09	6.947055e-06	-7.94651e-07	0.97490543
2.3805101930701788e-09	-6.990478e-06	-2.3595348e-06	0.9749055
2.3902851895220206e-09	7.72957e-06	-2.6781345e-07	0.97490543
2.400060295041474e-09	-6.661401e-06	-1.4520483e-06	0.97490543
2.4098361061316496e-09	7.803028e-06	4.5110937e-07	0.97490543
2.4208332154443707e-09	-6.5397326e-06	-7.8685116e-07	0.9749054
2.430608904852132e-09	7.1051472e-06	1.3178214e-06	0.97490543
2.4403841021525418e-09	-7.324561e-06	-2.614688e-07	0.9749054
2.450159487777083e-09	6.4864e-06	1.3841782e-06	0.97490543
2.4599352958068182e-09	-8.039278e-06	-2.1513551e-07	0.97490543
2.4709322346803207e-09	5.4587144e-06	1.2196833e-06	0.9749054
2.4807073834197964e-09	-8.242772e-06	-8.910429e-07	0.9749054
2.490482640448022e-09	5.410722e-06	5.431066e-07	0.97490543
2.5002578057834284e-09	-8.382369e-06	-1.388602e-06	0.97490543
2.5100332292304528e-09	5.6350545e-06	-1.2293458e-07	0.97490543
2.5198084794771247e-09	-8.018949e-06	-1.7127022e-06	0.9749054
2.53080576716075e-09	5.8091537e-06	-2.5396002e-07	0.9749054
2.5405809265021643e-09	-7.2852126e-06	-1.9978033e-06	0.97490543
2.5503560560694413e-09	6.445698e-06	-2.6857015e-07	0.9749054
2.5601312050941574e-09	-6.9456873e-06	-1.6537379e-06	0.9749054
2.5699066712620577e-09	6.755494e-06	-3.061723e-08	0.9749054
2.5809039285128e-09	-6.4329797e-06	-1.3644458e-06	0.97490543
2.590679433759881e-09	6.510978e-06	5.9156446e-07	0.97490543
2.600454689781022e-09	-6.757371e-06	-8.881325e-07	0.97490543
2.6102297353230952e-09	6.35421e-06	7.869676e-07	0.97490543
2.6200051039510013e-09	-7.1323448e-06	-5.9744343e-07	0.9749053
2.629780052070884e-09	5.9638405e-06	7.2829425e-07	0.97490543
2.6407765921287604e-09	-7.2148687e-06	-8.3609484e-07	0.97490543
2.6505519887846877e-09	5.4876436e-06	7.079216e-07	0.97490543
2.6603271223998197e-09	-7.543087e-06	-1.0027143e-06	0.97490543
2.6701019600226914e-09	5.464797e-06	3.0372757e-07	0.9749054
2.6798768147231563e-09	-7.5293356e-06	-1.1958182e-06	0.9749054
2.6908733376005234e-09	5.267284e-06	1.7188722e-07	0.97490543
2.7006480474317067e-09	-7.1087125e-06	-1.5729456e-06	0.9749054
2.710423120335067e-09	5.6717545e-06	-3.1664968e-08	0.9749054
2.720197553327786e-09	-6.944465e-06	-1.4975667e-06	0.97490543
2.7299726579349855e-09	5.944632e-06	-7.273047e-08	0.9749054
2.7409694358396305e-09	-6.3749903e-06	-1.4888938e-06	0.97490543
2.750744204525896e-09	5.8276637e-06	2.8521754e-07	0.97490543
2.7605190205982874e-09	-6.5088243e-06	-1.1863885e-06	0.9749054
2.770293971925044e-09	5.9228623e-06	4.0512532e-07	0.9749054
2.7800688898260283e-09	-6.659815e-06	-9.026844e-07	0.97490543
2.7898436985407147e-09	5.7735597e-06	4.3562613e-07	0.97490543
2.8008399737939177e-09	-6.5522618e-06	-9.719806e-07	0.9749054
2.8106148569812174e-09	5.3915865e-06	6.03497e-07	0.97490543
2.820389836778443e-09	-6.8650406e-06	-9.390642e-07	0.9749054
2.8301645126228765e-09	5.3425174e-06	4.033791e-07	0.9749054
2.8399393764858594e-09	-6.9736707e-06	-9.763753e-07	0.9749055
2.850936071061727e-09	4.9793452e-06	3.7741847e-07	0.9749054
2.8607108942319906e-09	-6.720147e-06	-1.2861565e-06	0.9749054
2.870485021296028e-09	5.222435e-06	1.6880222e-07	0.97490543
2.8802594088814642e-09	-6.7221554e-06	-1.2853416e-06	0.9749054
2.8900341854602405e-09	5.397451e-06	2.5320332e-08	0.9749054
2.899808975386523e-09	-6.5799977e-06	-1.1827797e-06	0.9749054
2.9108054242402065e-09	5.255599e-06	2.1568849e-07	0.9749054
2.9205798294813922e-09	-6.3197076e-06	-1.2539967e-06	0.97490543
2.9303544068312505e-09	5.4427655e-06	2.3189932e-07	0.9749054
2.9401289897531446e-09	-6.3771295e-06	-1.0512304e-06	0.9749054
2.949903774229962e-09	5.4345874e-06	2.3841858e-07	0.9749054
2.9608999104157838e-09	-6.1340106e-06	-1.0950607e-06	0.97490543
2.970674415796267e-09	5.149457e-06	4.4924673e-07	0.97490543
2.9804489574453167e-09	-6.3804473e-06	-9.867072e-07	0.97490543
2.9902236786269094e-09	5.155787e-06	3.5570702e-07	0.9749054
2.999998064283687e-09	-6.4999185e-06	-9.277719e-07	0.9749054
3.00977223196836e-09	5.0742674e-06	1.9767322e-07	0.9749054
3.020768449130327e-09	-6.2986364e-06	-1.1451775e-06	0.9749054
3.0305429774626795e-09	4.9261e-06	2.6653288e-07	0.9749054
3.040317862257131e-09	-6.399059e-06	-1.1336524e-06	0.9749054
3.0500920140055156e-09	5.030248e-06	1.1717202e-07	0.9749054
3.0598667756855337e-09	-6.3471525e-06	-1.0774238e-06	0.97490543
3.070862769254216e-09	4.824731e-06	2.3306347e-07	0.97490543
3.0806371070951766e-09	-6.1017927e-06	-1.214561e-06	0.9749054
3.090411773353038e-09	5.0218077e-06	1.8172432e-07	0.9749054
3.10018615998075e-09	-6.1470782e-06	-1.0851654e-06	0.9749055
3.109960572381337e-09	5.0738454e-06	1.4295802e-07	0.9749054
3.120956783462647e-09	-5.8361766e-06	-1.1520751e-06	0.97490543
3.130731200135334e-09	4.8435177e-06	3.3294782e-07	0.9749054
3.1405059194651437e-09	-6.0312595e-06	-1.0371732e-06	0.9749054
3.1502805422480705e-09	4.9099326e-06	2.765446e-07	0.9749054
3.160054960368743e-09	-6.1295723e-06	-9.4022835e-07	0.9749054
3.169829315687843e-09	4.8627553e-06	1.7671846e-07	0.9749054
3.1808257754630168e-09	-5.9213053e-06	-1.092616e-06	0.9749054
3.1906002637125856e-09	4.679183e-06	2.8475188e-07	0.9749054
3.2003745501584402e-09	-6.064598e-06	-1.0520453e-06	0.9749055
3.2101493873183418e-09	4.753936e-06	1.6274862e-07	0.9749054
3.219923868797788e-09	-6.0726597e-06	-9.973301e-07	0.97490543
3.2309202278344675e-09	4.496702e-06	2.583838e-07	0.9749054
3.2406945337444585e-09	-5.850772e-06	-1.1479715e-06	0.97490543
3.2504690035898285e-09	4.679241e-06	1.8032733e-07	0.97490543
3.2602435991384118e-09	-5.9177546e-06	-1.0635704e-06	0.9749054
3.2700180624115933e-09	4.747664e-06	1.094304e-07	0.97490543
3.2797926083177398e-09	-5.8886653e-06	-9.5012365e-07	0.9749054
3.2907892274294834e-09	4.5330235e-06	2.6496127e-07	0.9749054
3.3005635926697532e-09	-5.7551515e-06	-1.0591466e-06	0.9749053
3.3103379000346437e-09	4.64145e-06	2.1327287e-07	0.9749054
3.32011271247832e-09	-5.8369624e-06	-9.587384e-07	0.9749053
3.3298872336401744e-09	4.6328933e-06	1.3876706e-07	0.9749054
3.3408835009986188e-09	-5.6031276e-06	-1.0772492e-06	0.9749054
3.3506579144748284e-09	4.4413173e-06	2.6472844e-07	0.97490543
3.3604326405470335e-09	-5.7594007e-06	-1.0164513e-06	0.97490543
3.370207326401173e-09	4.515183e-06	1.701992e-07	0.9749054
3.3799815177587644e-09	-5.7995203e-06	-9.51346e-07	0.9749054
3.3909779145635077e-09	4.2270985e-06	2.6496127e-07	0.97490543
3.4007524018071723e-09	-5.5899145e-06	-1.0941585e-06	0.9749054
3.4105265313198736e-09	4.3970504e-06	1.8446008e-07	0.97490543
3.420301089949685e-09	-5.6819117e-06	-1.0267831e-06	0.97490543
3.4300757554050046e-09	4.468806e-06	1.0270742e-07	0.9749055
3.439850303301346e-09	-5.670896e-06	-9.385403e-07	0.9749054
3.4508461320668678e-09	4.2481843e-06	2.3050234e-07	0.97490543
3.4606206531076077e-09	-5.5141863e-06	-1.0547228e-06	0.9749054
3.470395065601744e-09	4.377929e-06	1.7299317e-07	0.97490543
3.4801692814887523e-09	-5.591428e-06	-9.646174e-07	0.97490543
3.4899435503342975e-09	4.398593e-06	1.0343501e-07	0.9749054
3.500939677608428e-09	-5.3360127e-06	-1.0691583e-06	0.97490543
3.5107137448347237e-09	4.206813e-06	2.3166649e-07	0.9749054
3.520488082109891e-09	-5.4924167e-06	-1.0006479e-06	0.9749054
3.5302624084614978e-09	4.2925676e-06	1.557637e-07	0.9749054
3.540036707955511e-09	-5.547161e-06	-9.2817936e-07	0.9749054
3.549811006493073e-09	4.2834145e-06	6.472692e-08	0.9749054
3.5608069218503755e-09	-5.3382246e-06	-1.0548392e-06	0.97490543
3.570581244501749e-09	4.1564927e-06	1.8195715e-07	0.97490543
3.5803554810673744e-09	-5.4496777e-06	-9.932555e-07	0.9749054
3.5901298042139077e-09	4.229092e-06	1.00873876e-07	0.97490543
3.5999040912153936e-09	-5.4592674e-06	-9.171199e-07	0.9749054
3.6109001494991257e-09	3.9953156e-06	2.1170126e-07	0.9749054
3.6206746363989185e-09	-5.291833e-06	-1.0362128e-06	0.97490543
3.6304487809274675e-09	4.1351595e-06	1.4959369e-07	0.9749054
3.640222893383158e-09	-5.3724652e-06	-9.584473e-07	0.9749054
3.6499971142829987e-09	4.1747844e-06	8.009374e-08	0.9749054
3.6597710640911777e-09	-5.3625117e-06	-8.693896e-07	0.97490543
3.670767469626751e-09	3.981535e-06	2.0232983e-07	0.97490543
3.680541223267336e-09	-5.2585237e-06	-9.894138e-07	0.97490543
3.690315320040929e-09	4.0794985e-06	1.3623503e-07	0.9749054
3.7000898201141214e-09	-5.321461e-06	-9.154319e-07	0.9749054
3.709863617043871e-09	4.08302e-06	5.6345016e-08	0.9749055
3.7208597885561012e-09	-5.106631e-06	-1.0288059e-06	0.9749054
3.730633611072104e-09	3.9398583e-06	1.7057027e-07	0.97490543
3.740407519584276e-09	-5.2295654e-06	-9.691867e-07	0.97490543
3.750181733584269e-09	4.0167215e-06	9.511132e-08	0.9749054
3.759955570289085e-09	-5.254813e-06	-8.973293e-07	0.97490543
3.77095154969556e-09	3.7728896e-06	1.9744039e-07	0.9749054
3.780726006080217e-09	-5.0810486e-06	-1.0128133e-06	0.9749054
3.790499893466706e-09	3.9161678e-06	1.3568206e-07	0.97490543
3.800274040806829e-09	-5.1705574e-06	-9.430514e-07	0.97490543
3.810048364893534e-09	3.9660226e-06	6.638584e-08	0.9749054
3.8198223165408305e-09	-5.1709067e-06	-8.6281216e-07	0.9749054
3.830818110377348e-09	3.7678983e-06	1.785811e-07	0.97490543
3.840592268487099e-09	-5.0505623e-06	-9.769574e-07	0.9749054
3.850366271279016e-09	3.876936e-06	1.17113814e-07	0.9749054
3.86014012884258e-09	-5.118607e-06	-9.0542017e-07	0.97490543
3.869914479721861e-09	3.8940925e-06	4.377216e-08	0.9749054
3.880909821431734e-09	-4.895046e-06	-1.009088e-06	0.9749054
3.890684082153127e-09	3.7416903e-06	1.557055e-07	0.9749054
3.900457536870244e-09	-5.024718e-06	-9.4930874e-07	0.9749054
3.910231499891619e-09	3.823676e-06	8.684583e-08	0.9749054
3.920005445551215e-09	-5.063601e-06	-8.8036177e-07	0.9749054
3.92977919382177e-09	3.817331e-06	8.614734e-09	0.9749054
3.940774961135339e-09	-4.884394e-06	-9.903088e-07	0.9749054
3.950548824244819e-09	3.7165737e-06	1.23051e-07	0.9749054
3.9603227478065195e-09	-4.9826776e-06	-9.275682e-07	0.9749054
3.9700962190907026e-09	3.7744321e-06	5.4133125e-08	0.9749054
3.9798701256604775e-09	-4.9922237e-06	-8.5425563e-07	0.97490525
3.990865478264526e-09	3.5716657e-06	1.5785918e-07	0.97490543
4.000639316087459e-09	-4.8599904e-06	-9.633368e-07	0.9749054
4.010413132331545e-09	3.6888523e-06	9.9651515e-08	0.9749054
4.0201868437395975e-09	-4.9330847e-06	-8.958159e-07	0.97490543
4.029960657585549e-09	3.7172285e-06	3.0966476e-08	0.9749054
4.040956178498307e-09	-4.703048e-06	-9.918294e-07	0.9749054
4.05072980535452e-09	3.5573757e-06	1.3835961e-07	0.9749054
4.060503322447533e-09	-4.8374495e-06	-9.3368e-07	0.9749054
4.070277165142723e-09	3.6452257e-06	7.566996e-08	0.9749054
4.080051185892029e-09	-4.8850343e-06	-8.668576e-07	0.9749054
4.08982525772517e-09	3.6474084e-06	2.1536835e-09	0.9749054
4.100820474009522e-09	-4.7004723e-06	-9.699725e-07	0.9749054
4.110594035504028e-09	3.5360717e-06	1.1030352e-07	0.9749054
4.120367878132217e-09	-4.8055517e-06	-9.110663e-07	0.9749054
4.130141497430941e-09	3.6001002e-06	4.5489287e-08	0.9749054
4.139915250873806e-09	-4.8250513e-06	-8.4238127e-07	0.9749054
4.150910561736707e-09	3.3905671e-06	1.4225952e-07	0.9749054
4.160684066109396e-09	-4.684902e-06	-9.4715506e-07	0.9749054
4.170457705495282e-09	3.5130797e-06	8.556526e-08	0.9749054
4.1802311369045994e-09	-4.763162e-06	-8.8405795e-07	0.9749054
4.190004922378126e-09	3.5503763e-06	2.0489097e-08	0.97490543
4.199778470407882e-09	-4.758782e-06	-8.122297e-07	0.9749054
4.210773979952045e-09	3.3850229e-06	1.223525e-07	0.9749054
4.220547512590392e-09	-4.665475e-06	-9.200303e-07	0.9749054
4.230320999056449e-09	3.4788827e-06	6.3526386e-08	0.9749054
4.2400945006052495e-09	-4.719943e-06	-8.549541e-07	0.9749054
4.2498683331468404e-09	3.4896366e-06	-4.8894435e-09	0.9749053
4.260863626115152e-09	-4.530433e-06	-9.521609e-07	0.9749054
4.270637122745341e-09	3.3687393e-06	9.872019e-08	0.9749053
4.280410547835633e-09	-4.6408386e-06	-8.96398e-07	0.9749054
4.29018451783953e-09	3.4384575e-06	3.585592e-08	0.9749054
4.299957927007336e-09	-4.668502e-06	-8.312054e-07	0.9749053
4.310953040541467e-09	3.2242679e-06	1.2706732e-07	0.9749053
4.3207269682818985e-09	-4.5220077e-06	-9.3108974e-07	0.9749053
4.330500492864827e-09	3.350302e-06	7.395283e-08	0.9749054
4.340274220908525e-09	-4.6055065e-06	-8.716015e-07	0.9749054
4.350047959047289e-09	3.395282e-06	1.0826625e-08	0.9749054
4.35982138557807e-09	-4.608606e-06	-8.0337486e-07	0.9749054
4.370816457555555e-09	3.2245298e-06	1.0803342e-07	0.9749054
4.38058979556865e-09	-4.5060733e-06	-9.0617687e-07	0.9749054
4.39036346185441e-09	3.323541e-06	5.2154064e-08	0.9749054
4.400136737392597e-09	-4.5667402e-06	-8.4436033e-07	0.9749054
4.40991033939363e-09	3.342342e-06	-1.2805685e-08	0.9749054
4.420905740573559e-09	-4.372341e-06	-9.3574636e-07	0.9749054
4.4306790275069875e-09	3.2140815e-06	8.562347e-08	0.9749054
4.440452743899085e-09	-4.4871413e-06	-8.828938e-07	0.9749054
4.450226083494617e-09	3.2886892e-06	2.7241185e-08	0.9749054
4.4599996099131754e-09	-4.522197e-06	-8.2096085e-07	0.9749054
4.4697727491922995e-09	3.2842072e-06	-3.990135e-08	0.9749054
4.480768138010861e-09	-4.369227e-06	-9.160249e-07	0.97490543
4.490541553776177e-09	3.1995733e-06	6.274786e-08	0.9749054
4.500314949930171e-09	-4.4582266e-06	-8.602219e-07	0.9749053
4.510088485956918e-09	3.2501994e-06	2.0954758e-09	0.9749054
4.519862159632109e-09	-4.469228e-06	-7.954659e-07	0.9749054
4.53085722088381e-09	3.0742522e-06	9.359792e-08	0.97490543
4.540630870876276e-09	-4.3587206e-06	-8.934294e-07	0.9749054
4.550403721784248e-09	3.1783566e-06	4.02797e-08	0.9749053
4.560177384466137e-09	-4.4238113e-06	-8.3545456e-07	0.9749054
4.569950490189878e-09	3.2046228e-06	-2.165325e-08	0.97490543
4.580945940978191e-09	-4.2251195e-06	-9.214273e-07	0.9749053
4.590719508571098e-09	3.0702213e-06	7.357448e-08	0.97490543
4.600492698547142e-09	-4.342539e-06	-8.7032095e-07	0.9749054
4.610266400307698e-09	3.149631e-06	1.8655555e-08	0.97490525
4.620040076340823e-09	-4.3845066e-06	-8.106872e-07	0.97490543
4.629813314482817e-09	3.151974e-06	-4.4936314e-08	0.9749053
4.640808686180575e-09	-4.227215e-06	-9.0152025e-07	0.9749053
4.650581871711294e-09	3.0583324e-06	5.1921234e-08	0.9749054
4.660355457879579e-09	-4.3208565e-06	-8.48755e-07	0.97490543
4.670128820137888e-09	3.1144446e-06	-5.5879354e-09	0.9749054
4.67990180357523e-09	-4.3384352e-06	-7.8743324e-07	0.97490543
4.690896491735312e-09	2.9349467e-06	8.032657e-08	0.9749054
4.700670068952085e-09	-4.221074e-06	-8.8103116e-07	0.9749054
4.71044308208659e-09	3.0420197e-06	3.009336e-08	0.9749054
4.720216653236248e-09	-4.290807e-06	-8.2538463e-07	0.9749054
4.72999006000568e-09	3.0750962e-06	-2.8871e-08	0.9749054
4.739763464634633e-09	-4.285772e-06	-7.621129e-07	0.9749054
4.750758747266709e-09	2.9348303e-06	6.239861e-08	0.9749055
4.760531779809515e-09	-4.209054e-06	-8.587376e-07	0.97490543
4.770305390007776e-09	3.0183292e-06	9.138603e-09	0.9749053
4.780078612507277e-09	-4.256348e-06	-8.016359e-07	0.9749054
4.789851843566771e-09	3.0281517e-06	-5.1397365e-08	0.9749054
4.800846709938441e-09	-4.093861e-06	-8.8778324e-07	0.9749054
4.810619974187532e-09	2.9276125e-06	4.2142347e-08	0.9749054
4.820393543266198e-09	-4.1911844e-06	-8.3679333e-07	0.9749054
4.830166777542562e-09	2.988163e-06	-1.2572855e-08	0.9749054
4.839940012609523e-09	-4.215064e-06	-7.7812e-07	0.9749054
4.850934930610425e-09	2.8044742e-06	6.920891e-08	0.9749054
4.860708133396282e-09	-4.0926243e-06	-8.677598e-07	0.9749054
4.8704814733288445e-09	2.9143848e-06	2.1245796e-08	0.9749054
4.880254444796326e-09	-4.1665335e-06	-8.158386e-07	0.9749054
4.890027886474142e-09	2.95254e-06	-3.5048288e-08	0.97490543
4.899800936727894e-09	-4.1684107e-06	-7.5553544e-07	0.9749053
4.910795896788564e-09	2.8081704e-06	5.0320523e-08	0.97490543
4.920569267824549e-09	-4.083675e-06	-8.478528e-07	0.9749054
4.930342009265685e-09	2.896064e-06	9.313226e-10	0.9749054
4.940114991108882e-09	-4.135305e-06	-7.9270103e-07	0.9749054
4.94988879277274e-09	2.9115326e-06	-5.675247e-08	0.9749054
4.960883692223509e-09	-3.9691804e-06	-8.745119e-07	0.9749053
4.9706568352391805e-09	2.804809e-06	3.2538082e-08	0.9749054
4.980429889456998e-09	-4.0700106e-06	-8.265779e-07	0.97490543
4.990203288992449e-09	2.8690993e-06	-1.9557774e-08	0.9749053
4.999976421127476e-09	-4.0998857e-06	-7.704366e-07	0.9749054
5.010971459665884e-09	2.6823836e-06	5.797483e-08	0.9749053
5.020744649724837e-09	-3.9716106e-06	-8.561183e-07	0.9749054
5.030517694771346e-09	2.7955248e-06	1.1874363e-08	0.9749054
5.040291013427216e-09	-4.0493032e-06	-8.060597e-07	0.9749054
5.050064467256513e-09	2.8384384e-06	-4.2433385e-08	0.9749054
5.05983756597337e-09	-4.056681e-06	-7.485505e-07	0.9749054
5.0708323060552655e-09	2.6895577e-06	4.004687e-08	0.9749054
5.080605491497849e-09	-3.965877e-06	-8.3690975e-07	0.9749054
5.0903785079907114e-09	2.7805654e-06	-7.21775e-09	0.9749054
5.100151851211654e-09	-4.0219165e-06	-7.8379526e-07	0.9749054
5.1099253165869525e-09	2.8013892e-06	-6.263144e-08	0.9749054
5.120919980755991e-09	-3.8525322e-06	-8.6263753e-07	0.97490543
5.130693566434031e-09	2.6888738e-06	2.3283064e-08	0.9749053
5.140466762133867e-09	-3.956011e-06	-8.1700273e-07	0.9749054
5.150240110511906e-09	2.7576898e-06	-2.7823262e-08	0.9749054
5.160012866493347e-09	-3.9904407e-06	-7.6310243e-07	0.9749054
5.169785977347585e-09	2.757748e-06	-8.4517524e-08	0.97490543
5.180780723023125e-09	-3.8575236e-06	-8.4517524e-07	0.9749053
5.1905534677518864e-09	2.683446e-06	3.4924597e-09	0.97490543
5.200327203977592e-09	-3.9386505e-06	-7.969793e-07	0.9749054
5.210100598414185e-09	2.730565e-06	-4.839967e-08	0.9749054
5.219873686476359e-09	-3.951791e-06	-7.4208947e-07	0.9749054
5.2308689479824405e-09	2.577086e-06	3.0267984e-08	0.9749054
5.240642075837574e-09	-3.855632e-06	-8.2701445e-07	0.9749053
5.2504151785511975e-09	2.671004e-06	-1.5133992e-08	0.9749054
5.2601881951163216e-09	-3.91528e-06	-7.76723e-07	0.97490543
5.269961212382626e-09	2.6978669e-06	-6.8335794e-08	0.9749054
5.280956211531925e-09	-3.7423742e-06	-8.516945e-07	0.9749054
5.290729340140899e-09	2.5807094e-06	1.3853423e-08	0.9749054
5.300502424027188e-09	-3.848181e-06	-8.074567e-07	0.9749054
5.310275912144675e-09	2.6527123e-06	-3.3760443e-08	0.9749054
5.3200491001341825e-09	-3.887515e-06	-7.560011e-07	0.9749054
5.329822176184044e-09	2.658213e-06	-8.926145e-08	0.9749054
5.340816845456018e-09	-3.7505379e-06	-8.34465e-07	0.9749054
5.350590399734909e-09	2.5768677e-06	-4.7439244e-09	0.9749054
5.360363352882394e-09	-3.8347935e-06	-7.888884e-07	0.9749053
5.370136534699286e-09	2.6284542e-06	-5.4307748e-08	0.9749054
5.379909513875426e-09	-3.85342e-06	-7.3597766e-07	0.97490543
5.390904607979468e-09	2.4720357e-06	2.0721927e-08	0.9749053
5.400677834527841e-09	-3.7505088e-06	-8.17352e-07	0.9749054
5.410450949332857e-09	2.5687623e-06	-2.2468157e-08	0.9749053
5.420224181687296e-09	-3.8143917e-06	-7.695053e-07	0.97490543
5.429996917763891e-09	2.6000198e-06	-7.299241e-08	0.9749054
5.439770343669865e-09	-3.8128055e-06	-7.1455725e-07	0.9749053
5.450764498383323e-09	2.4786423e-06	5.355105e-09	0.9749054
5.460537485405654e-09	-3.745925e-06	-7.9858e-07	0.9749054
5.470310920052937e-09	2.5538175e-06	-4.02797e-08	0.9749054
5.4800841378986814e-09	-3.789828e-06	-7.489871e-07	0.9749053
5.489857041066501e-09	2.5641348e-06	-9.289943e-08	0.9749054
5.5008520292011415e-09	-3.6493002e-06	-8.23522e-07	0.9749053
5.510625352056992e-09	2.476474e-06	-1.132139e-08	0.97490543
5.520398808102509e-09	-3.73683e-06	-7.8068115e-07	0.9749053
5.530171888856166e-09	2.5317859e-06	-5.9226295e-08	0.9749053
5.539944972871122e-09	-3.7601567e-06	-7.30186e-07	0.9749054
5.550939546226012e-09	2.371482e-06	1.1641532e-08	0.9749054
5.56071309608278e-09	-3.6528363e-06	-8.0879545e-07	0.9749054
5.570486113024677e-09	2.4707842e-06	-2.9802322e-08	0.9749053
5.580259220497955e-09	-3.7194259e-06	-7.6327706e-07	0.9749054
5.590032363052604e-09	2.507004e-06	-7.892959e-08	0.9749053
5.599805345878463e-09	-3.7226127e-06	-7.1013346e-07	0.9749054
5.61080008242381e-09	2.3814937e-06	-3.5797711e-09	0.9749054
5.620573316733236e-09	-3.6493293e-06	-7.903436e-07	0.9749053
5.630346466208759e-09	2.4599867e-06	-4.6216883e-08	0.9749053
5.640119300554521e-09	-3.697016e-06	-7.424096e-07	0.9749054
5.649892545025092e-09	2.4754554e-06	-9.627547e-08	0.9749054
5.660887395148444e-09	-3.5527337e-06	-8.137431e-07	0.9749053
5.6706605228944156e-09	2.3821049e-06	-1.8277206e-08	0.9749053
5.680433946316127e-09	-3.6433776e-06	-7.721246e-07	0.97490543
5.690206678937907e-09	2.4406763e-06	-6.449409e-08	0.9749054
5.699979793423898e-09	-3.6712736e-06	-7.2363764e-07	0.9749053
5.710974315260778e-09	2.277855e-06	3.929017e-09	0.9749054
5.7207479309744285e-09	-3.5596604e-06	-7.9895835e-07	0.9749053
5.730521332490304e-09	2.3785833e-06	-3.617606e-08	0.9749054
5.740294698408574e-09	-3.6289857e-06	-7.551862e-07	0.97490543
5.750067476210608e-09	2.4191104e-06	-8.335337e-08	0.9749054
5.7598410176644144e-09	-3.6374986e-06	-7.043127e-07	0.9749054
5.770835643646514e-09	2.288667e-06	-1.0593794e-08	0.9749054
5.780608659717274e-09	-3.5583944e-06	-7.82049e-07	0.9749054
5.7903819710583055e-09	2.3701723e-06	-5.1921234e-08	0.97490543
5.800155010637628e-09	-3.6100973e-06	-7.3574483e-07	0.9749053
5.809928250661491e-09	2.3904577e-06	-1.0058284e-07	0.9749054
5.820923097968041e-09	-3.4618279e-06	-8.047791e-07	0.9749054
5.830696252529271e-09	2.292465e-06	-2.5553163e-08	0.9749054
5.840468858709533e-09	-3.554087e-06	-7.650815e-07	0.9749053
5.850242029129538e-09	2.3545872e-06	-6.926712e-08	0.9749054
5.860015505556558e-09	-3.5869452e-06	-7.181079e-07	0.9749054
5.869788725737998e-09	2.3562898e-06	-1.1944212e-07	0.9749053
5.880782983888005e-09	-3.4707336e-06	-7.9046004e-07	0.9749053
5.890556167271716e-09	2.291199e-06	-4.2375177e-08	0.9749053
5.900329245622046e-09	-3.5431294e-06	-7.485505e-07	0.9749053
5.910102178673481e-09	2.3355096e-06	-8.754432e-08	0.9749054
5.919875386635399e-09	-3.5564153e-06	-6.9953967e-07	0.9749054
5.930870146893188e-09	2.2011227e-06	-1.7520506e-08	0.9749053
5.94064336662015e-09	-3.4725963e-06	-7.744329e-07	0.9749054
5.950416872153259e-09	2.2848399e-06	-5.7567377e-08	0.9749054
5.960189354771248e-09	-3.5274425e-06	-7.3038973e-07	0.9749054
5.9699618777079905e-09	2.3091125e-06	-1.0506483e-07	0.9749053
5.980956775600958e-09	-3.3761462e-06	-7.969502e-07	0.9749054
5.990729983240409e-09	2.2068853e-06	-3.3527613e-08	0.97490543
6.000503118860722e-09	-3.4704426e-06	-7.5856224e-07	0.9749053
6.010276595668831e-09	2.272267e-06	-7.497147e-08	0.9749054
6.020050030487812e-09	-3.5061385e-06	-7.133931e-07	0.9749054
6.029822768164317e-09	2.279412e-06	-1.2345845e-07	0.9749053
6.040817039205218e-09	-3.3854012e-06	-7.827184e-07	0.9749054
6.050590361677883e-09	2.2093736e-06	-4.8250513e-08	0.9749054
6.060363415400155e-09	-3.461042e-06	-7.4133277e-07	0.9749054
6.070136746022882e-09	2.256318e-06	-9.103678e-08	0.9749053
6.0799103205351095e-09	-3.4789991e-06	-6.94301e-07	0.9749054
6.090904465453696e-09	2.1180167e-06	-2.4330802e-08	0.9749054
6.100677378814603e-09	-3.3908582e-06	-7.665949e-07	0.9749053
6.110450945093343e-09	2.2040622e-06	-6.251503e-08	0.9749054
6.120224323781477e-09	-3.4486875e-06	-7.242197e-07	0.9749054
6.129997238379496e-09	2.2322347e-06	-1.0832446e-07	0.9749054
6.139770454705498e-09	-3.4486438e-06	-6.76373e-07	0.9749053
6.150765229056182e-09	2.1259038e-06	-3.905734e-08	0.9749054
6.160538247018315e-09	-3.3901451e-06	-7.5111166e-07	0.9749054
6.170311527453613e-09	2.1943706e-06	-7.8987796e-08	0.9749054
6.180084486492142e-09	-3.4298719e-06	-7.0768874e-07	0.9749054
6.189857518024711e-09	2.2053573e-06	-1.2625242e-07	0.9749054
6.200852485239116e-09	-3.3058022e-06	-7.749986e-07	0.9749054
6.21062570185468e-09	2.128887e-06	-5.3696567e-08	0.9749054
6.220399017875892e-09	-3.3837423e-06	-7.3580304e-07	0.9749054
6.230171868310687e-09	2.1797605e-06	-9.557698e-08	0.9749053
6.239945024778996e-09	-3.4057157e-06	-6.9022644e-07	0.97490525
6.250939833032022e-09	2.0386797e-06	-3.1199306e-08	0.9749053
6.260712788463489e-09	-3.311754e-06	-7.592025e-07	0.9749054
6.270485866897895e-09	2.12733e-06	-6.787013e-08	0.9749054
6.280259037292232e-09	-3.3728284e-06	-7.182243e-07	0.9749053
6.290032092802462e-09	2.1602173e-06	-1.1140946e-07	0.9749054
6.299805078559304e-09	-3.3768156e-06	-6.7218207e-07	0.9749054
6.31080001646911e-09	2.0487932e-06	-4.400499e-08	0.9749054
6.320572666753379e-09	-3.3136603e-06	-7.438939e-07	0.9749053
6.330346034859761e-09	2.1193555e-06	-8.265488e-08	0.9749054
6.340119367888326e-09	-3.3571268e-06	-7.021008e-07	0.9749054
6.349892289301941e-09	2.1344167e-06	-1.2782402e-07	0.9749053
6.360886546455734e-09	-3.2295357e-06	-7.6703145e-07	0.9749054
6.370659496593927e-09	2.0532898e-06	-5.9371814e-08	0.9749053
6.3804323438644395e-09	-3.3105025e-06	-7.2969124e-07	0.9749054
6.390205876046663e-09	2.1071028e-06	-9.9273166e-08	0.9749054
6.399979155080053e-09	-3.335299e-06	-6.861519e-07	0.9749053
6.410973706383169e-09	1.9633007e-06	-3.7485734e-08	0.9749053
6.420746683211673e-09	-3.2368844e-06	-7.523922e-07	0.9749054
6.430519935646171e-09	2.0537263e-06	-7.264316e-08	0.9749054
6.44029300184787e-09	-3.3009565e-06	-7.1321847e-07	0.9749053
6.450066120157652e-09	2.090048e-06	-1.1455268e-07	0.9749053
6.459838967054982e-09	-3.3099059e-06	-6.678747e-07	0.9749054
6.470833957133247e-09	1.9747822e-06	-4.9709342e-08	0.9749054
6.480607080146411e-09	-3.2413373e-06	-7.3830597e-07	0.9749053
6.4903801533730326e-09	2.0477746e-06	-8.800998e-08	0.9749054
6.500152897267597e-09	-3.2880198e-06	-6.975606e-07	0.9749054
6.5099266808318635e-09	2.0673906e-06	-1.3058889e-07	0.9749054
6.520920934237101e-09	-3.156325e-06	-7.590279e-07	0.9749054
6.530694017627729e-09	1.981898e-06	-6.402843e-08	0.9749053
6.540467245271288e-09	-3.2389798e-06	-7.232884e-07	0.9749054
6.550240532282317e-09	2.038083e-06	-1.02911144e-07	0.9749054
6.560013623261556e-09	-3.268884e-06	-6.817281e-07	0.9749053
6.569786713064016e-09	2.0403822e-06	-1.4726538e-07	0.9749053
6.580781433334654e-09	-3.166424e-06	-7.462222e-07	0.9749054
6.59055431779182e-09	1.9834697e-06	-7.764902e-08	0.9749054
6.6003274784160815e-09	-3.232184e-06	-7.089693e-07	0.9749054
6.610100361388845e-09	2.0233565e-06	-1.1836528e-07	0.9749054
6.619873860971883e-09	-3.2447133e-06	-6.6519715e-07	0.9749053
6.630868479578011e-09	1.9047438e-06	-5.6345016e-08	0.9749054
6.64064150458086e-09	-3.170746e-06	-7.323688e-07	0.9749054
6.650414695746646e-09	1.980501e-06	-9.126961e-08	0.9749054
6.660188057172082e-09	-3.220397e-06	-6.927294e-07	0.9749053
6.669960933201184e-09	2.0036532e-06	-1.3326644e-07	0.9749054
6.68095575612867e-09	-3.0858937e-06	-7.522758e-07	0.97490543
6.690729181429602e-09	1.9125146e-06	-6.7957444e-08	0.9749054
6.700502060114259e-09	-3.17175e-06	-7.1851537e-07	0.9749053
6.7102749968717065e-09	1.971668e-06	-1.0593794e-07	0.9749054
6.72004801731591e-09	-3.2044045e-06	-6.771297e-07	0.9749054
6.7298211787785985e-09	1.9786676e-06	-1.4904072e-07	0.9749053
6.740816465846007e-09	-3.0975352e-06	-7.401686e-07	0.9749054
6.7505894791581945e-09	1.916269e-06	-8.195639e-08	0.9749054
6.760362409488932e-09	-3.1667732e-06	-7.0402166e-07	0.9749054
6.770135748430259e-09	1.9590225e-06	-1.2060627e-07	0.9749054
6.779908890418993e-09	-3.1833624e-06	-6.619957e-07	0.97490525
6.790904056973364e-09	1.8370192e-06	-6.15255e-08	0.9749054
6.800676861929885e-09	-3.1038944e-06	-7.26548e-07	0.9749054
6.8104500220130634e-09	1.915556e-06	-9.528594e-08	0.97490525
6.820223163661344e-09	-3.1563104e-06	-6.8871304e-07	0.9749053
6.829996568627512e-09	1.9422441e-06	-1.352164e-07	0.9749054
6.839769685440151e-09	-3.1572417e-06	-6.451737e-07	0.9749053
6.8507641533931334e-09	1.8470018e-06	-7.21775e-08	0.9749053
6.860537377986722e-09	-3.1064264e-06	-7.117633e-07	0.97490543
6.870310439508325e-09	1.908411e-06	-1.0873191e-07	0.9749054
6.8800835527015905e-09	-3.143563e-06	-6.7288056e-07	0.9749053
6.88985659865039e-09	1.9184954e-06	-1.512235e-07	0.9749053
6.900851551643889e-09	-3.0329538e-06	-7.3434785e-07	0.9749054
6.910624405228274e-09	1.8510036e-06	-8.702045e-08	0.9749054
6.9203976711995235e-09	-3.1036616e-06	-6.998889e-07	0.9749054
6.930170541187297e-09	1.8983555e-06	-1.245644e-07	0.9749054
6.9399437927116635e-09	-3.1234958e-06	-6.5898894e-07	0.9749053
6.950938607948593e-09	1.7726124e-06	-6.61239e-08	0.9749054
6.960711944137956e-09	-3.0400843e-06	-7.216586e-07	0.9749053
6.970484887390442e-09	1.852648e-06	-9.872019e-08	0.9749054
6.980257841240497e-09	-3.0950614e-06	-6.84151e-07	0.9749053
6.990030979924233e-09	1.8831342e-06	-1.3737008e-07	0.9749053
6.9998041752680436e-09	-3.1005038e-06	-6.419723e-07	0.9749054
7.010798870062014e-09	1.7831771e-06	-7.657218e-08	0.9749054
7.020572316855093e-09	-3.0441734e-06	-7.0714304e-07	0.9749054
7.030345762902867e-09	1.8477149e-06	-1.11642294e-07	0.9749053
7.0401185791497706e-09	-3.0842057e-06	-6.6985376e-07	0.9749054
7.049891786381424e-09	1.8621649e-06	-1.5256228e-07	0.9749054
7.060886172083302e-09	-2.9697258e-06	-7.2736293e-07	0.9749053
7.070659544728647e-09	1.7897255e-06	-8.978532e-08	0.97490525
7.080432642759555e-09	-3.0431838e-06	-6.945338e-07	0.9749054
7.090205803605176e-09	1.8391293e-06	-1.2549572e-07	0.9749054
7.099978709010449e-09	-3.066947e-06	-6.550108e-07	0.9749053
7.110973586240068e-09	1.7100247e-06	-7.0635e-08	0.9749054
7.120747122668917e-09	-2.9791263e-06	-7.1548857e-07	0.9749053
7.130520126024084e-09	1.7920393e-06	-1.0279473e-07	0.97490543
7.140293124693519e-09	-3.0369847e-06	-6.8033114e-07	0.9749054
7.1500659768411984e-09	1.8259743e-06	-1.4010584e-07	0.97490525
7.1598390490786135e-09	-3.0457886e-06	-6.398186e-07	0.9749054
7.1708334785649545e-09	1.7228158e-06	-8.160714e-08	0.9749054
7.180606795212834e-09	-2.9843068e-06	-7.0245005e-07	0.9749053
7.190380201230429e-09	1.7896382e-06	-1.1513475e-07	0.9749053
7.2001532509557294e-09	-3.0267838e-06	-6.655173e-07	0.9749054
7.209926614466004e-09	1.8074352e-06	-1.5320256e-07	0.9749054
7.220921556583459e-09	-2.9095536e-06	-7.220078e-07	0.97490543
7.230694960636163e-09	1.7303828e-06	-9.362702e-08	0.9749053
7.240468110895031e-09	-2.9851362e-06	-6.9011e-07	0.9749054
7.2502406592240285e-09	1.7823477e-06	-1.2933742e-07	0.9749054
7.2600142904840255e-09	-3.0120573e-06	-6.519622e-07	0.9749053
7.269787107678631e-09	1.7856364e-06	-1.6926788e-07	0.9749053
7.280782198754751e-09	-2.9198563e-06	-7.1007526e-07	0.9749054
7.290555291973718e-09	1.7346902e-06	-1.0523945e-07	0.9749054
7.3003281252533844e-09	-2.980465e-06	-6.756745e-07	0.9749054
7.310100656966829e-09	1.771361e-06	-1.4173565e-07	0.9749054
7.3198740890019984e-09	-2.992805e-06	-6.36559e-07	0.9749054
7.330868783611923e-09	1.6639533e-06	-8.518691e-08	0.9749054
7.340641863533125e-09	-2.9273797e-06	-6.97386e-07	0.9749054
7.3504148298378774e-09	1.732973e-06	-1.17812306e-07	0.9749053
7.360188046082838e-09	-2.9733492e-06	-6.624032e-07	0.9749054
7.369961199197085e-09	1.7543498e-06	-1.5636033e-07	0.9749054
7.3809559124451665e-09	-2.8516806e-06	-7.171184e-07	0.9749054
7.390728809640006e-09	1.6733102e-06	-9.8429155e-08	0.9749054
7.400501940965135e-09	-2.9291114e-06	-6.857008e-07	0.97490525
7.410275364872481e-09	1.7278799e-06	-1.3154931e-07	0.9749054
7.420048408365942e-09	-2.959685e-06	-6.4923734e-07	0.9749053
7.429821407894254e-09	1.7348211e-06	-1.7060665e-07	0.9749054
7.440816085600108e-09	-2.8635986e-06	-7.058261e-07	0.9749054
7.450589353721468e-09	1.6793929e-06	-1.0873191e-07	0.9749054
7.46036242265653e-09	-2.9258663e-06	-6.726186e-07	0.9749053
7.470135891252759e-09	1.7190032e-06	-1.4365651e-07	0.9749053
7.47990897642177e-09	-2.9422517e-06	-6.3393964e-07	0.9749053
7.490903706748146e-09	1.608365e-06	-8.940697e-08	0.9749053
7.500676769247579e-09	-2.8716604e-06	-6.922055e-07	0.9749053
7.510449790095488e-09	1.6791892e-06	-1.1967495e-07	0.9749053
7.520222594938861e-09	-2.9204384e-06	-6.585615e-07	0.9749054
7.52999589720737e-09	1.7035782e-06	-1.5721889e-07	0.97490525
7.539769101273783e-09	-2.9218645e-06	-6.193877e-07	0.9749054
7.550764059468797e-09	1.6185222e-06	-1.0052463e-07	0.9749054
7.56053716185985e-09	-2.8761715e-06	-6.8126246e-07	0.9749054
7.570310151842065e-09	1.6752165e-06	-1.333101e-07	0.9749053
7.580083077047544e-09	-2.9097864e-06	-6.4622145e-07	0.9749054
7.589856003201387e-09	1.6852282e-06	-1.717126e-07	0.9749053
7.600850878074114e-09	-2.810033e-06	-7.014023e-07	0.9749054
7.610623993043418e-09	1.6250269e-06	-1.1292286e-07	0.9749054
7.620397092719418e-09	-2.8744544e-06	-6.6973735e-07	0.9749053
7.63017032258708e-09	1.6681443e-06	-1.4679972e-07	0.9749053
7.639943322750298e-09	-2.893241e-06	-6.315531e-07	0.9749054
7.650938473179599e-09	1.5546393e-06	-9.330688e-08	0.9749054
7.660711468573007e-09	-2.818124e-06	-6.884802e-07	0.9749054
7.670484210282633e-09	1.6276608e-06	-1.2351666e-07	0.9749054
7.680257315150732e-09	-2.8693612e-06	-6.5518543e-07	0.9749053
7.69003041582694e-09	1.6552804e-06	-1.587905e-07	0.9749053
7.699803399103055e-09	-2.8742652e-06	-6.1822357e-07	0.9749053
7.710798198715583e-09	1.5660917e-06	-1.0430813e-07	0.97490525
7.720571230549442e-09	-2.8235518e-06	-6.770715e-07	0.97490543
7.730344352755987e-09	1.6255799e-06	-1.3550743e-07	0.9749053
7.740117313473493e-09	-2.8595678e-06	-6.420378e-07	0.9749054
7.749890904218719e-09	1.6389677e-06	-1.7124694e-07	0.9749054
7.76088544940226e-09	-2.7572532e-06	-6.9485395e-07	0.9749054
7.770658488253596e-09	1.5732512e-06	-1.1478551e-07	0.9749054
7.780431986679852e-09	-2.825138e-06	-6.6525536e-07	0.9749054
7.790204831970777e-09	1.6181875e-06	-1.481967e-07	0.9749053
7.79997846742678e-09	-2.8469367e-06	-6.298942e-07	0.9749054
7.810973158257122e-09	1.5018304e-06	-9.709038e-08	0.9749053
7.820746331234493e-09	-2.7672504e-06	-6.846385e-07	0.9749053
7.83051955759099e-09	1.5776895e-06	-1.2724195e-07	0.9749054
7.840292701456197e-09	-2.8198556e-06	-6.525079e-07	0.9749053
7.850065650376924e-09	1.608787e-06	-1.6053673e-07	0.9749053
7.859838646180488e-09	-2.8283976e-06	-6.1519677e-07	0.9749054
7.870833662361805e-09	1.5152909e-06	-1.0675285e-07	0.9749053
7.88060659550471e-09	-2.7736387e-06	-6.725313e-07	0.97490543
7.890379574692844e-09	1.5762198e-06	-1.3760291e-07	0.9749053
7.900153046668822e-09	-2.8129289e-06	-6.4005144e-07	0.9749053
7.909926328872556e-09	1.5933183e-06	-1.7284765e-07	0.9749054
7.92092103086286e-09	-2.7065253e-06	-6.899936e-07	0.97490525
7.930694173778562e-09	1.5234546e-06	-1.17812306e-07	0.9749054
7.940467112044726e-09	-2.776389e-06	-6.61239e-07	0.9749053
7.950240417264734e-09	1.5714177e-06	-1.5035039e-07	0.9749053
7.960012990578486e-09	-2.8012873e-06	-6.275368e-07	0.9749053
7.969786263123249e-09	1.5751139e-06	-1.8678838e-07	0.9749054
7.980780822901222e-09	-2.718254e-06	-6.798655e-07	0.9749053
7.99055413686223e-09	1.5285186e-06	-1.2898818e-07	0.9749054
8.000326907763598e-09	-2.7740607e-06	-6.501796e-07	0.9749054
8.010100278033282e-09	1.5623227e-06	-1.626322e-07	0.9749053
8.019873378550061e-09	-2.7859787e-06	-6.145565e-07	0.9749054
8.030868282831e-09	1.4657708e-06	-1.1175871e-07	0.9749053
8.040641351103414e-09	-2.725399e-06	-6.7043584e-07	0.9749054
8.050414354513063e-09	1.5299884e-06	-1.4033867e-07	0.9749053
8.060187299310657e-09	-2.7666974e-06	-6.374903e-07	0.9749054
8.069960342141164e-09	1.5502883e-06	-1.747103e-07	0.9749054
8.080954921974521e-09	-2.6563357e-06	-6.8556983e-07	0.97490525
8.090727934142233e-09	1.477325e-06	-1.1990778e-07	0.9749054
8.100501226961715e-09	-2.7280475e-06	-6.565824e-07	0.9749053
8.110274211591074e-09	1.5268015e-06	-1.4994293e-07	0.9749054
8.120047279668003e-09	-2.7573406e-06	-6.2258914e-07	0.9749053
8.129820202059345e-09	1.5320693e-06	-1.8576975e-07	0.97490543
8.140815103999455e-09	-2.6713242e-06	-6.753253e-07	0.97490525
8.150588272430901e-09	1.480963e-06	-1.3154931e-07	0.9749054
8.160361275152726e-09	-2.729561e-06	-6.466871e-07	0.9749054
8.170134556393852e-09	1.5179248e-06	-1.641456e-07	0.9749053
8.179907860489298e-09	-2.743589e-06	-6.1202445e-07	0.9749053
8.190902568817173e-09	1.4181423e-06	-1.14610884e-07	0.9749054
8.20067541465074e-09	-2.678964e-06	-6.6595385e-07	0.9749054
8.210448453821618e-09	1.4845573e-06	-1.4214311e-07	0.9749053
8.220221863004674e-09	-2.7232018e-06	-6.345508e-07	0.9749053
8.229995444684657e-09	1.5076366e-06	-1.755543e-07	0.9749053
8.239768322342491e-09	-2.725079e-06	-5.9849117e-07	0.9749053
8.250763030774111e-09	1.4297402e-06	-1.2363307e-07	0.9749053
8.260535999027694e-09	-2.6843045e-06	-6.543705e-07	0.9749054
8.270308803284708e-09	1.4817488e-06	-1.5378464e-07	0.9749053
8.280081874430084e-09	-2.7156348e-06	-6.2253093e-07	0.97490525
8.289854870169801e-09	1.4916004e-06	-1.8870924e-07	0.9749054
8.300849629640457e-09	-2.6246416e-06	-6.732298e-07	0.97490525
8.31062264852755e-09	1.4371617e-06	-1.344597e-07	0.9749054
8.32039564498914e-09	-2.684188e-06	-6.4380583e-07	0.9749054
8.330168716596166e-09	1.4766701e-06	-1.6501872e-07	0.9749054
8.33994196162712e-09	-2.7018832e-06	-6.095506e-07	0.9749053
8.350936745049463e-09	1.3730314e-06	-1.1664815e-07	0.9749053
8.360709662220555e-09	-2.633722e-06	-6.617047e-07	0.9749053
8.37048306983024e-09	1.4406978e-06	-1.4319085e-07	0.9749053
8.380256211494252e-09	-2.6807247e-06	-6.3097104e-07	0.97490543
8.390029466032394e-09	1.4662364e-06	-1.7601997e-07	0.9749053
8.399802607245287e-09	-2.6858615e-06	-5.9616286e-07	0.97490525
8.410797390191104e-09	1.384702e-06	-1.2590317e-07	0.9749054
8.420570480197619e-09	-2.6407652e-06	-6.509363e-07	0.9749054
8.430343576789463e-09	1.4388934e-06	-1.5506521e-07	0.9749054
8.440116543950376e-09	-2.6741473e-06	-6.206101e-07	0.9749054
8.449889451898247e-09	1.4519901e-06	-1.892331e-07	0.9749053
8.460884286803667e-09	-2.5796326e-06	-6.6915527e-07	0.9749053
8.470657235846287e-09	1.3935205e-06	-1.3652607e-07	0.9749054
8.480430143650521e-09	-2.6420166e-06	-6.406335e-07	0.9749053
8.490202866286422e-09	1.4352408e-06	-1.6705599e-07	0.9749054
8.499976062374436e-09	-2.6619673e-06	-6.07688e-07	0.9749054
8.510971237873277e-09	1.3288663e-06	-1.1944212e-07	0.9749053
8.520744448984774e-09	-2.5897898e-06	-6.580958e-07	0.9749053
8.530517369979515e-09	1.3982062e-06	-1.4607213e-07	0.9749053
8.54029041138818e-09	-2.63931e-06	-6.285263e-07	0.9749054
8.550063379362754e-09	1.426597e-06	-1.770677e-07	0.9749054
8.55983631570358e-09	-2.6480702e-06	-5.943584e-07	0.9749054
8.570831090667136e-09	1.3413082e-06	-1.2834789e-07	0.9749053
8.580604545504025e-09	-2.59855e-06	-6.480841e-07	0.9749054
8.59037746057664e-09	1.3975223e-06	-1.5669502e-07	0.9749054
8.600150555370699e-09	-2.634828e-06	-6.1816536e-07	0.9749054
8.609923556692641e-09	1.4136604e-06	-1.9045547e-07	0.9749053
8.620918157788686e-09	-2.5369372e-06	-6.649643e-07	0.97490525
8.630691254162616e-09	1.3509416e-06	-1.3870886e-07	0.9749054
8.6404641052794e-09	-2.6007474e-06	-6.381888e-07	0.9749053
8.650237282842502e-09	1.3952085e-06	-1.6769627e-07	0.9749054
8.660010271554158e-09	-2.624307e-06	-6.056216e-07	0.9749054
8.669783250707227e-09	1.3982353e-06	-2.0116568e-07	0.97490543
8.680777867502306e-09	-2.548797e-06	-6.549526e-07	0.9749054
8.690551563747532e-09	1.3566023e-06	-1.4854595e-07	0.97490525
8.700324776132087e-09	-2.6005873e-06	-6.267801e-07	0.9749053
8.71009767690343e-09	1.3877725e-06	-1.792796e-07	0.97490525
8.719870263366834e-09	-2.6113994e-06	-5.941838e-07	0.9749054
8.73086513237867e-09	1.2997189e-06	-1.3154931e-07	0.9749054
8.740637920532402e-09	-2.5568297e-06	-6.4537744e-07	0.9749054
8.750411332852589e-09	1.3585668e-06	-1.5902333e-07	0.9749054
8.760184176279692e-09	-2.595465e-06	-6.1583705e-07	0.97490525
8.769957378950672e-09	1.3770768e-06	-1.9045547e-07	0.9749054
8.780951820795824e-09	-2.4949986e-06	-6.610062e-07	0.9749053
8.790725094361127e-09	1.3108365e-06	-1.4016405e-07	0.9749053
8.800497947788973e-09	-2.5608315e-06	-6.3414336e-07	0.9749053
8.810271200432828e-09	1.3571262e-06	-1.6827835e-07	0.9749053
8.820044062947756e-09	-2.5869085e-06	-6.0303137e-07	0.9749054
8.829817148139637e-09	1.3627723e-06	-2.011202e-07	0.9749054
8.84081149372065e-09	-2.508008e-06	-6.5076165e-07	0.9749054
8.850584569892733e-09	1.3167737e-06	-1.4924444e-07	0.9749053
8.860357784552013e-09	-2.5616755e-06	-6.2340405e-07	0.9749054
8.87013090792024e-09	1.3504905e-06	-1.7904676e-07	0.9749054
8.879904260973624e-09	-2.5757909e-06	-5.920592e-07	0.9749053
8.890898692750572e-09	1.2583623e-06	-1.3399404e-07	0.9749054
8.900672207316531e-09	-2.5177142e-06	-6.419141e-07	0.9749053
8.910445167607936e-09	1.3188255e-06	-1.6053673e-07	0.9749053
8.920217908039535e-09	-2.558736e-06	-6.1417813e-07	0.9749053
8.929991109025138e-09	1.3409008e-06	-1.9208528e-07	0.9749053
8.939764091432795e-09	-2.5599438e-06	-5.812617e-07	0.9749053
8.950758952510872e-09	1.2707169e-06	-1.4365651e-07	0.9749054
8.960532138431668e-09	-2.522167e-06	-6.322516e-07	0.9749053
8.970304956913745e-09	1.319524e-06	-1.702283e-07	0.9749054
8.980078293701367e-09	-2.5510235e-06	-6.0151797e-07	0.9749054
8.989851574106278e-09	1.3280514e-06	-2.0200969e-07	0.9749053
9.000846153602173e-09	-2.468747e-06	-6.4767664e-07	0.9749054
9.010619154781316e-09	1.2782693e-06	-1.51922e-07	0.97490525
9.020391696552465e-09	-2.5237823e-06	-6.2189065e-07	0.9749054
9.03016469908798e-09	1.3146491e-06	-1.80793e-07	0.9749054
9.03993791588105e-09	-2.5407498e-06	-5.8999285e-07	0.9749054
9.050931891777693e-09	1.2195524e-06	-1.3667159e-07	0.9749053
9.060704775458614e-09	-2.4787441e-06	-6.388291e-07	0.9749054
9.070477733447182e-09	1.2819946e-06	-1.6210834e-07	0.9749053
9.080250896758435e-09	-2.5223853e-06	-6.1112223e-07	0.9749054
9.09002347901275e-09	1.3058452e-06	-1.9188155e-07	0.9749054
9.099796232642774e-09	-2.526329e-06	-5.7867146e-07	0.9749054
9.110790967378405e-09	1.2324308e-06	-1.4482066e-07	0.9749054
9.12056382647994e-09	-2.4853944e-06	-6.284681e-07	0.9749054
9.130336746848967e-09	1.2825185e-06	-1.7136335e-07	0.9749054
9.140109532981641e-09	-2.5165646e-06	-5.996553e-07	0.9749054
9.149882455384659e-09	1.2938399e-06	-2.021552e-07	0.9749054
9.160877442331794e-09	-2.4311448e-06	-6.4479536e-07	0.9749053
9.17065018848141e-09	1.2405799e-06	-1.5459955e-07	0.97490543
9.180423129421831e-09	-2.488232e-06	-6.193295e-07	0.9749053
9.190195761008467e-09	1.2793171e-06	-1.8224819e-07	0.9749054
9.199968629797292e-09	-2.506189e-06	-5.888287e-07	0.9749054
9.210962777496955e-09	1.182605e-06	-1.3853423e-07	0.97490525
9.220735466304507e-09	-2.441404e-06	-6.352784e-07	0.9749054
9.230508486372478e-09	1.2463715e-06	-1.6274862e-07	0.97490525
9.240281335400856e-09	-2.486704e-06	-6.076298e-07	0.9749053
9.250054564463768e-09	1.2725068e-06	-1.9161962e-07	0.9749054
9.259827721197014e-09	-2.4941255e-06	-5.764887e-07	0.97490525
9.270821642738146e-09	1.1951488e-06	-1.4691614e-07	0.9749054
9.280595020359741e-09	-2.4497276e-06	-6.25354e-07	0.97490525
9.290367632068046e-09	1.2467935e-06	-1.7241109e-07	0.9749053
9.300140364448158e-09	-2.4835026e-06	-5.9744343e-07	0.9749053
9.309913238624513e-09	1.2606761e-06	-2.0381412e-07	0.9749054
9.320907707012827e-09	-2.3945177e-06	-6.4154483e-07	0.9749054
9.330680612261675e-09	1.2047531e-06	-1.5657861e-07	0.9749054
9.340453068386421e-09	-2.453351e-06	-6.16943e-07	0.9749053
9.350225801314873e-09	1.2447999e-06	-1.8393621e-07	0.9749053
9.359998841209626e-09	-2.4744077e-06	-5.880138e-07	0.9749054
9.369771596198492e-09	1.247914e-06	-2.1536835e-07	0.9749054
9.380766087429953e-09	-2.4055626e-06	-6.3318294e-07	0.9749054
9.390539062665891e-09	1.2119563e-06	-1.6536796e-07	0.9749054
9.400312183418081e-09	-2.4519977e-06	-6.062328e-07	0.9749053
9.410085164582184e-09	1.2399396e-06	-1.9322033e-07	0.9749053
9.419858156595344e-09	-2.461762e-06	-5.7555735e-07	0.9749053
9.430852569696054e-09	1.1595694e-06	-1.4854595e-07	0.9749054
9.440625271321509e-09	-2.4146866e-06	-6.230548e-07	0.9749053
9.450397770733284e-09	1.2129167e-06	-1.7409911e-07	0.97490525
9.460170595498064e-09	-2.4503533e-06	-5.9604645e-07	0.9749053
9.469943664880279e-09	1.2292003e-06	-2.0468724e-07	0.9749053
9.480938118449417e-09	-2.3592438e-06	-6.391201e-07	0.9749053
9.490710671933733e-09	1.1701195e-06	-1.5855767e-07	0.97490525
9.500483697254526e-09	-2.4190085e-06	-6.1490573e-07	0.9749053
9.510256589655666e-09	1.2125238e-06	-1.8510036e-07	0.9749053
9.520029265020027e-09	-2.4420879e-06	-5.856273e-07	0.9749053
9.529802391696541e-09	1.2176897e-06	-2.1443702e-07	0.9749053
9.540796521692731e-09	-2.371089e-06	-6.2870095e-07	0.9749054
9.550569839918419e-09	1.1773518e-06	-1.6595004e-07	0.97490525
9.560342822118678e-09	-2.419969e-06	-6.033224e-07	0.9749053
9.570115569157998e-09	1.2073579e-06	-1.9348226e-07	0.9749054
9.579888532338842e-09	-2.43244e-06	-5.7416037e-07	0.97490525
9.590882859073474e-09	1.1245866e-06	-1.504668e-07	0.9749054
9.600655715749547e-09	-2.3810862e-06	-6.2107574e-07	0.9749054
9.610428705681966e-09	1.1795055e-06	-1.7654384e-07	0.9749053
9.620201468678314e-09	-2.418179e-06	-5.9456215e-07	0.9749053
9.629974707637552e-09	1.1988159e-06	-2.0500738e-07	0.9749054
9.640968952487052e-09	-2.3242173e-06	-6.353948e-07	0.9749053
9.650741833410394e-09	1.1368393e-06	-1.5983824e-07	0.9749053
9.6605145617852e-09	-2.3857428e-06	-6.1118044e-07	0.9749054
9.670287590645764e-09	1.180626e-06	-1.8469291e-07	0.9749054
9.68006053742156e-09	-2.4114706e-06	-5.8312435e-07	0.9749053
9.689833386335162e-09	1.1871598e-06	-2.1420419e-07	0.97490525
9.700828021458332e-09	-2.3379835e-06	-6.2651816e-07	0.9749054
9.71060111791164e-09	1.1434167e-06	-1.6810372e-07	0.9749054
9.720374049223679e-09	-2.3886241e-06	-6.0210004e-07	0.9749054
9.730146465435468e-09	1.17546e-06	-1.9546133e-07	0.9749054
9.739919561660138e-09	-2.402623e-06	-5.7343277e-07	0.97490525
9.75091356994804e-09	1.0911754e-06	-1.5378464e-07	0.97490543
9.76068665446293e-09	-2.3476314e-06	-6.191549e-07	0.9749054
9.770459523245115e-09	1.1483353e-06	-1.7695129e-07	0.9749054
9.780232556010204e-09	-2.386485e-06	-5.924376e-07	0.9749053
9.790005232470754e-09	1.1689262e-06	-2.05182e-07	0.9749054
9.799777987811799e-09	-2.3892062e-06	-5.62286e-07	0.9749053
9.81077234923634e-09	1.10369e-06	-1.6135164e-07	0.9749054
9.820545437001104e-09	-2.3536413e-06	-6.087357e-07	0.9749054
9.830318074249186e-09	1.1489465e-06	-1.8530409e-07	0.97490525
9.840090869277834e-09	-2.3817556e-06	-5.813199e-07	0.9749054
9.849863972761252e-09	1.1581724e-06	-2.1493179e-07	0.9749053
9.860858887622405e-09	-2.3052125e-06	-6.2352046e-07	0.9749053
9.870631748650063e-09	1.1110533e-06	-1.6984995e-07	0.9749054
9.880404593847267e-09	-2.357454e-06	-5.9977174e-07	0.9749053
9.890177281269454e-09	1.1458615e-06	-1.9569416e-07	0.9749053
9.899950318643002e-09	-2.3735774e-06	-5.7171565e-07	0.9749054
9.910944874778799e-09	1.0585645e-06	-1.557055e-07	0.97490525
9.920718291156023e-09	-2.3155299e-06	-6.156042e-07	0.97490543
9.930491045514036e-09	1.1169031e-06	-1.7851744e-07	0.9749054
9.940263814534642e-09	-2.3566245e-06	-5.8999285e-07	0.9749053
9.950036294386021e-09	1.1396478e-06	-2.0570587e-07	0.9749053
9.95980915055487e-09	-2.3618777e-06	-5.6106364e-07	0.9749053
9.970803848717554e-09	1.071181e-06	-1.633307e-07	0.9749053
9.980576568811816e-09	-2.323388e-06	-6.069895e-07	0.9749054
9.990349364038438e-09	1.1178054e-06	-1.8812716e-07	0.9749054
1.0000122346159674e-08	-2.3531466e-06	-5.810871e-07	0.9749054
1.0009895027016053e-08	1.1295924e-06	-2.1641608e-07	0.97490525
1.0020889516950536e-08	-2.273271e-06	-6.223563e-07	0.97490525
1.0030662264566202e-08	1.0803487e-06	-1.725275e-07	0.9749054
1.004043538438452e-08	-2.3264583e-06	-5.98724e-07	0.9749053
1.0050208368876639e-08	1.116874e-06	-1.975568e-07	0.9749053
1.0059981189711902e-08	-2.344692e-06	-5.7159923e-07	0.97490543
1.0070975301076834e-08	1.0269287e-06	-1.5742262e-07	0.97490525
1.0080747972975636e-08	-2.2841996e-06	-6.1339233e-07	0.9749054
1.009052147974042e-08	1.0863587e-06	-1.7974526e-07	0.9749054
1.010029449292231e-08	-2.326895e-06	-5.881884e-07	0.9749053
1.0110067220696971e-08	1.1111988e-06	-2.0628795e-07	0.9749054
1.0119839821771198e-08	-2.3348402e-06	-5.599577e-07	0.97490525
1.0130834421014861e-08	1.039487e-06	-1.6478589e-07	0.9749053
1.0140607556939972e-08	-2.2925233e-06	-6.0506864e-07	0.9749053
1.0150380634665899e-08	1.0883523e-06	-1.8905848e-07	0.9749053
1.0160153078581975e-08	-2.3242028e-06	-5.78817e-07	0.97490525
1.0169925856550003e-08	1.1023949e-06	-2.1670712e-07	0.9749054
1.0180920769401707e-08	-2.2422755e-06	-6.1956234e-07	0.9749053
1.0190693269091657e-08	1.0501099e-06	-1.7276034e-07	0.9749054
1.020046632358387e-08	-2.2967142e-06	-5.965121e-07	0.9749053
1.0210239368084704e-08	1.0883814e-06	-1.9732397e-07	0.9749053
1.0220012445030079e-08	-2.3171015e-06	-5.690963e-07	0.9749054
1.0229785054111397e-08	1.0918739e-06	-2.249144e-07	0.97490525
1.0240779614413898e-08	-2.2539025e-06	-6.100745e-07	0.9749054
1.0250552561654436e-08	1.0562217e-06	-1.8044375e-07	0.9749053
1.0260325250767145e-08	-2.2985187e-06	-5.8556907e-07	0.9749053
1.0270098426305318e-08	1.082939e-06	-2.0643347e-07	0.9749054
1.02798711958194e-08	-2.3089815e-06	-5.590264e-07	0.9749054
1.0290865239944837e-08	1.0087242e-06	-1.671724e-07	0.9749054
1.0300638382386935e-08	-2.2635504e-06	-6.03497e-07	0.9749054
1.0310410828388453e-08	1.0592339e-06	-1.9051367e-07	0.9749053
1.0320183779897938e-08	-2.296365e-06	-5.7858415e-07	0.9749053
1.0329956522925314e-08	1.0763761e-06	-2.1816231e-07	0.9749054
1.0340951221877224e-08	-2.211731e-06	-6.170012e-07	0.9749053
1.035072430642295e-08	1.0203221e-06	-1.747685e-07	0.97490525
1.0360497416230344e-08	-2.2675958e-06	-5.941547e-07	0.9749053
1.0370270556753487e-08	1.0605436e-06	-1.9866275e-07	0.97490525
1.0380043563437226e-08	-2.2906752e-06	-5.674956e-07	0.9749054
1.0389816484778742e-08	1.0656513e-06	-2.2572931e-07	0.9749053
1.0400810765764134e-08	-2.2243912e-06	-6.079208e-07	0.97490525
1.0410583563236208e-08	1.0271324e-06	-1.8172432e-07	0.9749054
1.0420356554847022e-08	-2.2705353e-06	-5.841721e-07	0.9749054
1.0430129521148574e-08	1.0558433e-06	-2.0768493e-07	0.9749054
1.0439902790746294e-08	-2.2833556e-06	-5.585607e-07	0.97490525
1.0450897037626294e-08	9.788928e-07	-1.6891863e-07	0.9749054
1.0460669734497318e-08	-2.2337917e-06	-6.010232e-07	0.9749053
1.0470442673301379e-08	1.0315416e-06	-1.9138679e-07	0.97490525
1.0480215688619222e-08	-2.269153e-06	-5.764887e-07	0.9749053
1.0489988781326834e-08	1.0501099e-06	-2.173474e-07	0.9749054
1.0499761498023359e-08	-2.2708118e-06	-5.48549e-07	0.9749053
1.0510755828482378e-08	9.910145e-07	-1.7660204e-07	0.9749053
1.052052902449912e-08	-2.2399763e-06	-5.932525e-07	0.9749053
1.0530301898614358e-08	1.032502e-06	-1.9976869e-07	0.97490525
1.054007484848937e-08	-2.2644963e-06	-5.669135e-07	0.9749053
1.0549847841059255e-08	1.0404619e-06	-2.2747554e-07	0.9749053
1.056084193971252e-08	-2.1951855e-06	-6.06291e-07	0.9749054
1.057061474488102e-08	9.992364e-07	-1.8364517e-07	0.9749054
1.0580388136425728e-08	-2.2427266e-06	-5.836482e-07	0.97490525
1.0590160789233585e-08	1.0303629e-06	-2.081506e-07	0.9749054
1.0599933529542566e-08	-2.257264e-06	-5.5663986e-07	0.9749054
1.0610927995433687e-08	9.503128e-07	-1.7008279e-07	0.9749054
1.0620701335562472e-08	-2.2056047e-06	-5.9820013e-07	0.9749053
1.0630474341061956e-08	1.003893e-06	-1.9138679e-07	0.97490525
1.0640247093575714e-08	-2.2427412e-06	-5.7465513e-07	0.9749054
1.0650020015727328e-08	1.0250224e-06	-2.1723099e-07	0.97490525
1.0659793009527792e-08	-2.246612e-06	-5.4738484e-07	0.9749054
1.067078748513056e-08	9.622308e-07	-1.7651473e-07	0.9749053
1.0680559911228699e-08	-2.2129389e-06	-5.904294e-07	0.9749053
1.0690332932289005e-08	1.0059302e-06	-2.0000152e-07	0.9749053
1.0700105563514422e-08	-2.2392924e-06	-5.6502176e-07	0.9749053
1.0709879115657913e-08	1.0159565e-06	-2.264278e-07	0.97490525
1.0720872893640033e-08	-2.167697e-06	-6.0367165e-07	0.97490525
1.0730646029553497e-08	9.714277e-07	-1.8486753e-07	0.9749053
1.07404189426241e-08	-2.2162567e-06	-5.820766e-07	0.97490525
1.075019187622898e-08	1.004446e-06	-2.0809239e-07	0.9749053
1.0759964977893637e-08	-2.2325985e-06	-5.553011e-07	0.9749053
1.0770959251061791e-08	9.221985e-07	-1.7113052e-07	0.9749054
1.0780731779841165e-08	-2.1783926e-06	-5.9619197e-07	0.9749054
1.07905049675646e-08	9.77001e-07	-1.9231811e-07	0.97490525
1.0800277764678703e-08	-2.2173335e-06	-5.7334546e-07	0.9749054
1.081005059481947e-08	9.994401e-07	-2.172892e-07	0.97490525
1.0819823470830402e-08	-2.223358e-06	-5.463953e-07	0.9749053
1.0830818092250672e-08	9.3504786e-07	-1.7904676e-07	0.9749053
1.084059085981592e-08	-2.1857122e-06	-5.886541e-07	0.9749054
1.0850363711331702e-08	9.798823e-07	-2.0116568e-07	0.97490525
1.086013654825661e-08	-2.2141903e-06	-5.6403223e-07	0.9749054
1.0869909579395662e-08	9.921059e-07	-2.2666063e-07	0.9749053
1.0880904287941608e-08	-2.1396263e-06	-6.0145976e-07	0.9749053
1.0890677296493053e-08	9.445357e-07	-1.8582796e-07	0.9749053
1.0900450507642457e-08	-2.1904416e-06	-5.803595e-07	0.97490525
1.091022347562581e-08	9.792129e-07	-2.0873267e-07	0.9749054
1.0919996440360155e-08	-2.2088498e-06	-5.553011e-07	0.97490525
1.0929769228881185e-08	9.814103e-07	-2.3574103e-07	0.9749053
1.0940763802262163e-08	-2.151166e-06	-5.943002e-07	0.9749053
1.0950536350633538e-08	9.512296e-07	-1.9348226e-07	0.97490525
1.0960309439671037e-08	-2.1919113e-06	-5.719194e-07	0.9749053
1.0970082239959896e-08	9.758369e-07	-2.1746382e-07	0.9749053
1.0979855224571739e-08	-2.199944e-06	-5.456386e-07	0.9749054
1.0990849631367e-08	9.079522e-07	-1.800654e-07	0.97490525
1.1000622342799318e-08	-2.1598971e-06	-5.8626756e-07	0.9749053
1.1010395706532728e-08	9.544601e-07	-2.0163134e-07	0.9749053
1.1020168254905299e-08	-2.1902524e-06	-5.624024e-07	0.9749054
1.1029941170575536e-08	9.684445e-07	-2.2671884e-07	0.9749053
1.1040935787123358e-08	-2.113593e-06	-5.9982995e-07	0.9749054
1.105070845832999e-08	9.1797847e-07	-1.8742867e-07	0.9749054
1.1060481361831285e-08	-2.1651067e-06	-5.78817e-07	0.9749053
1.1070254211133129e-08	9.546784e-07	-2.0978041e-07	0.9749053
1.1080027142097462e-08	-2.185232e-06	-5.5431155e-07	0.9749054
1.1089800439967191e-08	9.591749e-07	-2.3585744e-07	0.9749053
1.1100795121813903e-08	-2.1251908e-06	-5.924376e-07	0.9749054
1.1110567987840808e-08	9.251671e-07	-1.9418076e-07	0.97490525
1.1120340865239183e-08	-2.1672604e-06	-5.704351e-07	0.9749053
1.1130113637359133e-08	9.518699e-07	-2.1845335e-07	0.9749053
1.1139886826505164e-08	-2.1779852e-06	-5.4505654e-07	0.9749053
1.1150881686423551e-08	8.8124943e-07	-1.8184073e-07	0.9749053
1.116065471853261e-08	-2.1336891e-06	-5.8533624e-07	0.97490525
1.1170427580531125e-08	9.298383e-07	-2.0256266e-07	0.9749053
1.1180200480041147e-08	-2.1661544e-06	-5.6196586e-07	0.9749054
1.1189973089178151e-08	9.459909e-07	-2.2700988e-07	0.9749054
1.1200967548864171e-08	-2.0865264e-06	-5.9697777e-07	0.9749053
1.1210740018168432e-08	8.925563e-07	-1.8812716e-07	0.9749053
1.1220512950591002e-08	-2.140223e-06	-5.768088e-07	0.97490525
1.1230286096824539e-08	9.303476e-07	-2.0954758e-07	0.9749054
1.1240059237209824e-08	-2.1628803e-06	-5.5291457e-07	0.97490525
1.124983220411696e-08	9.366486e-07	-2.3562461e-07	0.9749054
1.1260826409772186e-08	-2.0998996e-06	-5.901675e-07	0.9749054
1.12705992025842e-08	8.998031e-07	-1.952285e-07	0.9749054
1.1280372253591145e-08	-2.1435408e-06	-5.691836e-07	0.9749054
1.1290144825457311e-08	9.285286e-07	-2.1897722e-07	0.9749053
1.1299917309023388e-08	-2.155546e-06	-5.4435804e-07	0.9749053
1.1310912189280146e-08	8.5582724e-07	-1.8323772e-07	0.9749053
1.1320685478435386e-08	-2.1092274e-06	-5.8324076e-07	0.9749053
1.1330458269059043e-08	9.0502726e-07	-2.028828e-07	0.9749053
1.1340230834000544e-08	-2.143468e-06	-5.609181e-07	0.9749054
1.135000372686566e-08	9.232899e-07	-2.2753375e-07	0.97490525
1.1359776438491017e-08	-2.1459127e-06	-5.3527765e-07	0.9749054
1.1370771025265325e-08	8.677016e-07	-1.899316e-07	0.97490525
1.1380543920111695e-08	-2.115732e-06	-5.759066e-07	0.9749053
1.139031696816235e-08	9.075593e-07	-2.112356e-07	0.9749053
1.1400089956674068e-08	-2.1397136e-06	-5.5215787e-07	0.97490525
1.1409862834805367e-08	9.158539e-07	-2.3539178e-07	0.9749054
1.1420857553013047e-08	-2.0746375e-06	-5.878974e-07	0.97490525
1.143063049461187e-08	8.754869e-07	-1.9615982e-07	0.97490525
1.1440403043342419e-08	-2.1200685e-06	-5.674083e-07	0.9749053
1.1450175882661588e-08	9.0521644e-07	-2.1888991e-07	0.9749053
1.145994855530455e-08	-2.1346204e-06	-5.4354314e-07	0.9749053
1.1470943246981927e-08	8.3018676e-07	-1.8393621e-07	0.9749054
1.1480716266265005e-08	-2.0857115e-06	-5.8254227e-07	0.9749053
1.1490488824715284e-08	8.810457e-07	-2.0494917e-07	0.9749053
1.1500262083272106e-08	-2.120898e-06	-5.605398e-07	0.97490525
1.1510035084153363e-08	9.016949e-07	-2.2811582e-07	0.9749053
1.1519808007047686e-08	-2.125409e-06	-5.349866e-07	0.9749053
1.1530802637764377e-08	8.430361e-07	-1.9118306e-07	0.9749053
1.1540575464197599e-08	-2.0916923e-06	-5.743932e-07	0.9749053
1.15503483728679e-08	8.842326e-07	-2.1143933e-07	0.9749054
1.1560121216588506e-08	-2.1179148e-06	-5.5134296e-07	0.97490525
1.1569894154513856e-08	8.9473906e-07	-2.3579923e-07	0.9749053
1.1580888588911186e-08	-2.0502484e-06	-5.8684964e-07	0.9749054
1.1590661509055436e-08	8.512434e-07	-1.9802246e-07	0.9749053
1.160043414407404e-08	-2.0971347e-06	-5.673792e-07	0.9749054
1.1610207353869493e-08	8.828647e-07	-2.2002496e-07	0.97490525
1.1619980064142205e-08	-2.1135784e-06	-5.4296106e-07	0.9749053
1.1630974663401318e-08	8.059578e-07	-1.8544961e-07	0.9749053
1.1640747774883551e-08	-2.0611187e-06	-5.805632e-07	0.9749054
1.1650520548167207e-08	8.583738e-07	-2.0558946e-07	0.9749053
1.1660293774885545e-08	-2.097804e-06	-5.590264e-07	0.9749054
1.1670066737550863e-08	8.8060915e-07	-2.2727181e-07	0.9749053
1.1679839675474922e-08	-2.105182e-06	-5.3385156e-07	0.9749054
1.1690834329372612e-08	8.1857434e-07	-1.915032e-07	0.9749053
1.1700607355703066e-08	-2.0695006e-06	-5.7317084e-07	0.97490525
1.1710380070838604e-08	8.611096e-07	-2.1234155e-07	0.9749054
1.172015287965602e-08	-2.0966254e-06	-5.502952e-07	0.9749053
1.172992575861232e-08	8.7449735e-07	-2.3585744e-07	0.9749053
1.1740920062668588e-08	-2.0256266e-06	-5.8463775e-07	0.9749054
1.175069298456842e-08	8.281786e-07	-1.9799336e-07	0.9749053
1.1760466077326623e-08	-2.0743173e-06	-5.647307e-07	0.97490543
1.1770238932559623e-08	8.6160435e-07	-2.1932647e-07	0.9749053
1.1780012006858407e-08	-2.0924344e-06	-5.4220436e-07	0.9749053
1.1789784928798526e-08	8.648931e-07	-2.4415203e-07	0.9749054
1.1800779370370726e-08	-2.0376901e-06	-5.7788566e-07	0.9749054
1.1810552449338128e-08	8.350471e-07	-2.050947e-07	0.9749054
1.182032559228321e-08	-2.0769075e-06	-5.575421e-07	0.9749053
1.1830098296009079e-08	8.5857755e-07	-2.279412e-07	0.9749053
1.183987138438988e-08	-2.0859588e-06	-5.339389e-07	0.97490525
1.1850865882400437e-08	7.9484016e-07	-1.9365689e-07	0.9749054
1.1860638951675351e-08	-2.0465232e-06	-5.721522e-07	0.9749054
1.187041148114086e-08	8.394418e-07	-2.1385495e-07	0.9749054
1.187975835190452e-08	-2.0782172e-06	-5.273032e-07	0.9749053
